autosave: 1
autosaveInterval: 1.000000
textureOverscan: 1
maxZoom: 8.000000
CC_Conf_Width: 5994.399902
CC_Conf_Height: 2095.500000
CC_X_Samples: 16
CC_Y_Samples: 16
